44
东莞庄南街
东莞庄路
东门路
中山东路
中山西路
中山路
九一八路
九峰山路
五山路
五山路辅路
北湖北路
北湖南路
半山东路
半山西路
华南理工大学正门路
南山路
南湖西路
大明山路
大瑶山路
岷江路
嵩山路
工农路
月亮山路
泰山路
湖滨北路
湖滨南路
漓江路
独秀峰路
珠江北路
珠江南路
白石山路
百步梯
科技园便道
科技园路
罗浮山路
西湖南路
辽河路
金钟山路
金颖西一街
金颖西三街
长江南路
青秀山路
鱼峰山路
黄山路
565 0
1090 1
410 1
294 1
111 1
173 1
424 1
195 1
1411 1
527 1
591 1
513 1
314 1
317 1
396 1
238 1
145 1
167 1
182 1
415 1
310 1
479 1
270 1
328 1
360 1
853 1
856 1
418 1
415 1
256 1
221 1
84 0
77 0
197 1
264 1
276 0
363 1
255 1
224 1
126 1
881 1
174 1
268 1
233 1
360
0 0
0 0
0 0
0 0
0 0
0 0
0 0
0 0
0 0
0 0
0 0
0 0
0 0
0 0
0 0
0 0
0 0
0 0
0 0
0 0
0 0
0 0
0 0
0 0
0 0
0 0
0 0
0 0
0 0
0 0
0 0
0 0
0 0
0 0
0 0
0 0
0 0
0 0
0 0
0 0
0 0
0 0
0 0
0 0
0 0
0 0
0 0
0 0
0 0
0 0
0 0
0 0
0 0
0 0
0 0
0 0
0 0
0 0
0 0
0 0
0 0
0 0
0 0
0 0
0 0
0 0
0 0
0 0
0 0
0 0
0 0
0 0
0 0
0 0
0 0
0 0
0 0
0 0
0 0
0 0
0 0
0 0
0 0
0 0
0 0
0 0
0 0
0 0
0 0
0 0
0 0
0 0
0 0
0 0
0 0
0 0
0 0
0 0
0 0
0 0
0 0
0 0
0 0
0 0
0 0
0 0
0 0
0 0
0 0
0 0
0 0
0 0
0 0
0 0
0 0
0 0
0 0
0 0
0 0
0 0
0 0
0 0
0 0
0 0
0 0
0 0
0 0
0 0
0 0
0 0
0 0
0 0
0 0
0 0
0 0
0 0
0 0
0 0
0 0
0 0
0 0
0 0
0 0
0 0
0 0
0 0
0 0
0 0
0 0
0 0
0 0
0 0
0 0
0 0
0 0
0 0
0 0
0 0
0 0
0 0
0 0
0 0
0 0
0 0
0 0
0 0
0 0
0 0
0 0
0 0
0 0
0 0
0 0
0 0
0 0
0 0
0 0
0 0
0 0
0 0
0 0
0 0
0 0
0 0
0 0
0 0
0 0
0 0
0 0
0 0
0 0
0 0
0 0
0 0
0 0
0 0
0 0
0 0
0 0
0 0
0 0
0 0
0 0
0 0
0 0
0 0
0 0
0 0
0 0
0 0
0 0
0 0
0 0
0 0
0 0
0 0
0 0
0 0
0 0
0 0
0 0
0 0
0 0
0 0
0 0
0 0
0 0
0 0
0 0
0 0
0 0
0 0
0 0
0 0
0 0
0 0
0 0
0 0
0 0
0 0
0 0
0 0
0 0
0 0
0 0
0 0
0 0
0 0
0 0
0 0
0 0
0 0
0 0
0 0
0 0
0 0
0 0
0 0
0 0
0 0
0 0
0 0
0 0
0 0
0 0
0 0
0 0
0 0
0 0
0 0
0 0
0 0
0 0
0 0
0 0
0 0
0 0
0 0
0 0
0 0
0 0
0 0
0 0
0 0
0 0
0 0
0 0
0 0
0 0
0 0
0 0
0 0
0 0
0 0
0 0
0 0
0 0
0 0
0 0
0 0
0 0
0 0
0 0
0 0
0 0
0 0
0 0
0 0
0 0
0 0
0 0
0 0
0 0
0 0
0 0
0 0
0 0
0 0
0 0
0 0
0 0
0 0
0 0
0 0
0 0
0 0
0 0
0 0
0 0
0 0
0 0
0 0
0 0
0 0
0 0
0 0
0 0
0 0
0 0
0 0
0 0
0 0
0 0
0 0
0 0
0 0
0 0
0 0
0 0
0 0
0 0
0 0
0 0
0 0
0 0
0 0
0 0
0 0
0 0
0 0
998
91 51 420 420
51 91 420 420
51 50 37 37
50 51 37 37
50 49 53 53
49 50 53 53
49 48 21 21
48 49 21 21
215 210 17 17
210 215 17 17
210 162 215 215
162 210 215 215
162 142 74 74
142 162 74 74
215 220 223 223
220 215 223 223
220 222 67 67
222 220 67 67
222 227 81 81
227 222 81 81
227 236 35 35
236 227 35 35
236 243 91 91
243 236 91 91
56 75 75 75
75 56 75 75
75 81 27 27
81 75 27 27
81 86 28 28
86 81 28 28
86 101 28 28
101 86 28 28
101 110 28 28
110 101 28 28
110 118 24 24
118 110 24 24
118 124 28 28
124 118 28 28
124 150 106 106
150 124 106 106
150 154 25 25
154 150 25 25
154 159 60 60
159 154 60 60
159 172 50 50
172 159 50 50
172 189 112 112
189 172 112 112
189 191 67 67
191 189 67 67
191 195 163 163
195 191 163 163
188 195 53 53
195 188 53 53
70 94 100000000 172
119 147 100000000 175
94 119 100000000 111
233 240 19 19
240 233 19 19
240 244 19 19
244 240 19 19
244 251 30 30
251 244 30 30
251 258 34 34
258 251 34 34
258 266 48 48
266 258 48 48
233 235 51 51
235 233 51 51
235 237 89 89
237 235 89 89
237 241 80 80
241 237 80 80
241 243 140 140
243 241 140 140
243 222 90 90
222 243 90 90
233 238 162 162
238 233 162 162
238 228 135 135
228 238 135 135
228 257 144 144
257 228 144 144
257 262 32 32
262 257 32 32
262 265 22 22
265 262 22 22
265 279 106 106
279 265 106 106
279 283 21 21
283 279 21 21
283 286 23 23
286 283 23 23
286 287 31 31
287 286 31 31
287 290 159 159
290 287 159 159
290 296 321 321
296 290 321 321
7 29 82 86
188 186 33 33
186 188 33 33
186 180 27 27
180 186 27 27
180 168 61 61
168 180 61 61
168 163 18 18
163 168 18 18
296 302 56 56
302 296 56 56
302 315 150 150
315 302 150 150
315 322 54 54
322 315 54 54
322 329 43 43
329 322 43 43
347 343 74 74
343 347 74 74
343 341 67 67
341 343 67 67
341 340 21 21
340 341 21 21
340 342 104 104
342 340 104 104
342 348 61 61
348 342 61 61
348 345 59 59
345 348 59 59
345 336 80 80
336 345 80 80
336 329 103 103
329 336 103 103
315 314 77 100000000
314 315 77 100000000
325 316 110 110
316 325 110 110
316 307 87 87
307 316 87 87
310 307 24 24
307 310 24 24
307 296 297 297
296 307 297 297
296 284 769 769
284 296 769 769
329 328 23 23
328 329 23 23
328 332 136 136
332 328 136 136
332 333 96 96
333 332 96 96
333 334 54 54
334 333 54 54
334 347 90 90
347 334 90 90
74 87 87 87
87 74 87 100000000
87 92 29 29
92 87 29 100000000
92 99 25 25
99 92 25 100000000
142 59 401 401
59 142 401 401
142 144 84 84
144 142 84 84
144 145 27 27
145 144 27 27
104 130 81 81
130 104 81 81
130 145 75 75
145 130 75 75
145 146 27 27
146 145 27 27
146 149 77 77
149 146 77 77
149 151 68 68
151 149 68 68
151 147 112 112
147 151 112 112
360 358 288 288
358 360 288 288
358 349 127 127
349 358 127 127
343 346 35 100000000
346 343 35 100000000
346 344 78 100000000
344 346 78 100000000
344 340 33 100000000
340 344 33 100000000
344 351 20 100000000
351 344 20 100000000
351 349 66 100000000
349 351 66 100000000
357 355 89 100000000
355 357 89 100000000
355 354 32 100000000
354 355 32 100000000
354 349 58 100000000
349 354 58 100000000
351 354 26 100000000
354 351 26 100000000
149 171 74 74
171 149 74 74
171 179 36 36
179 171 36 36
179 203 138 138
203 179 138 138
203 220 59 59
220 203 59 59
168 156 34 34
156 168 34 34
156 138 85 85
138 156 85 85
138 136 24 24
136 138 24 24
136 117 65 65
117 136 65 65
117 108 29 29
108 117 29 29
108 98 25 25
98 108 25 25
98 60 184 184
60 98 184 184
59 60 110 110
60 59 110 110
60 57 16 16
57 60 16 16
57 55 42 42
55 57 42 42
55 48 99 99
48 55 99 99
326 334 203 100000000
334 326 203 100000000
334 331 91 91
331 334 91 91
331 312 194 194
312 331 194 194
312 313 27 27
313 312 27 27
313 320 22 22
320 313 22 22
320 326 49 49
326 320 49 49
326 332 35 35
332 326 35 35
313 306 89 89
306 313 89 89
306 304 117 117
304 306 117 117
309 324 78 78
324 309 78 78
324 328 20 20
328 324 20 20
324 317 68 68
317 324 68 68
317 303 148 148
303 317 148 148
303 300 74 74
300 303 74 74
300 295 72 72
295 300 72 72
295 294 83 83
294 295 83 83
294 292 26 26
292 294 26 26
292 302 272 272
302 292 272 272
292 297 126 126
297 292 126 126
297 312 220 220
312 297 220 220
313 299 190 190
299 313 190 190
299 298 28 100000000
298 299 28 100000000
298 297 33 100000000
297 298 33 100000000
295 301 55 55
301 295 55 55
301 306 99 99
306 301 99 99
300 301 72 72
301 300 72 72
294 301 123 123
301 294 123 123
162 166 37 100000000
166 162 37 100000000
166 167 20 100000000
167 166 20 100000000
169 171 59 100000000
171 169 59 100000000
146 161 55 100000000
161 146 55 100000000
160 144 59 100000000
144 160 59 100000000
192 179 197 197
179 192 197 197
192 182 118 118
182 192 118 118
192 193 40 40
193 192 40 40
192 194 48 48
194 192 48 48
192 202 26 26
202 192 26 26
142 143 39 39
143 142 39 39
143 153 76 76
153 143 76 76
153 157 32 32
157 153 32 32
165 162 84 100000000
162 165 84 100000000
163 158 59 100000000
158 163 59 100000000
158 157 41 100000000
157 158 41 100000000
143 131 159 159
131 143 159 159
131 138 107 107
138 131 107 107
86 96 47 47
96 86 47 47
96 100 34 34
100 96 34 34
100 102 44 44
102 100 44 44
102 98 69 69
98 102 69 69
98 97 106 106
97 98 106 106
97 121 80 80
121 97 80 80
121 131 37 37
131 121 37 37
120 129 30 100000000
129 120 30 100000000
129 119 27 100000000
119 129 27 100000000
119 120 28 100000000
120 119 28 100000000
87 90 47 47
90 87 47 47
90 105 87 87
105 90 87 87
105 120 61 61
120 105 61 61
290 289 38 38
289 290 38 38
289 273 256 256
273 289 256 256
273 266 186 186
266 273 186 186
266 267 59 59
267 266 59 59
267 268 83 83
268 267 83 83
237 268 141 141
268 237 141 141
227 226 31 31
226 227 31 31
226 229 24 24
229 226 24 24
229 183 355 355
183 229 355 355
171 174 91 91
174 171 91 91
174 175 33 33
175 174 33 33
175 197 204 204
197 175 204 204
195 213 54 100000000
213 195 54 100000000
213 228 76 100000000
228 213 76 100000000
211 212 17 100000000
212 211 17 100000000
212 205 36 100000000
205 212 36 100000000
201 211 40 100000000
211 201 40 100000000
211 219 33 100000000
219 211 33 100000000
219 224 30 100000000
224 219 30 100000000
230 232 132 100000000
232 230 132 100000000
232 231 20 100000000
231 232 20 100000000
232 207 117 100000000
207 232 117 100000000
214 215 71 71
215 214 71 71
166 181 64 100000000
181 166 64 100000000
181 185 22 100000000
185 181 22 100000000
181 182 26 100000000
182 181 26 100000000
146 134 64 100000000
134 146 64 100000000
257 263 87 100000000
263 257 87 100000000
263 271 53 100000000
271 263 53 100000000
271 274 36 100000000
274 271 36 100000000
274 276 390 100000000
276 274 390 100000000
241 248 38 38
248 241 38 38
248 260 62 62
260 248 62 62
260 269 40 40
269 260 40 40
268 269 81 81
269 268 81 81
260 253 45 45
253 260 45 45
253 248 40 40
248 253 40 40
138 152 58 58
152 138 58 58
152 155 31 31
155 152 31 31
155 164 42 42
164 155 42 42
164 173 29 29
173 164 29 29
173 177 28 28
177 173 28 28
177 186 80 80
186 177 80 80
177 170 71 71
170 177 71 71
170 154 96 96
154 170 96 96
104 103 35 35
103 104 35 35
59 53 26 26
53 59 26 26
53 23 123 123
23 53 123 123
23 7 107 107
7 23 107 107
336 337 46 46
337 336 46 46
337 345 70 70
345 337 70 70
337 339 48 48
339 337 48 48
339 335 17 17
335 339 17 17
339 338 24 24
338 339 24 24
314 316 94 94
316 314 94 94
29 7 82 82
34 61 93 93
61 34 93 100000000
94 70 100000000 175
70 34 152 137
119 94 100000000 113
147 119 100000000 172
99 79 118 118
79 99 118 100000000
61 70 42 42
70 61 42 100000000
58 66 23 100000000
66 58 23 100000000
66 72 61 100000000
72 66 61 100000000
72 70 21 100000000
70 72 21 21
34 70 152 131
34 29 19 19
29 34 19 28
3 29 114 114
29 3 114 100000000
119 128 25 25
128 119 25 25
129 151 111 111
151 129 111 111
356 358 119 119
358 356 119 119
346 352 132 100000000
352 346 132 100000000
344 353 63 100000000
353 344 63 100000000
262 264 186 186
264 262 186 186
264 256 90 90
256 264 90 90
256 250 35 35
250 256 35 35
250 238 46 46
238 250 46 46
264 272 47 47
272 264 47 47
272 277 73 73
277 272 73 73
277 288 94 94
288 277 94 94
288 289 115 100000000
289 288 115 100000000
277 280 37 37
280 277 37 37
280 282 30 30
282 280 30 30
280 272 93 93
272 280 93 93
272 273 46 100000000
273 272 46 100000000
334 332 150 100000000
332 334 150 100000000
331 320 179 100000000
320 331 179 100000000
159 176 130 100000000
176 159 130 100000000
176 184 68 100000000
184 176 68 100000000
184 188 78 100000000
188 184 78 100000000
176 170 41 100000000
170 176 41 100000000
184 177 38 100000000
177 184 38 100000000
189 199 58 58
199 189 58 58
199 221 102 102
221 199 102 102
221 223 54 54
223 221 54 54
223 225 47 47
225 223 47 47
225 228 60 60
228 225 60 60
219 218 18 100000000
218 219 18 100000000
172 198 155 155
198 172 155 155
48 56 30 30
56 48 30 30
56 62 82 82
62 56 82 82
86 110 54 54
110 86 54 54
110 124 34 34
124 110 34 34
124 133 33 33
133 124 33 33
133 150 76 76
150 133 76 76
296 293 45 100000000
293 296 45 100000000
120 112 47 47
112 120 47 47
112 93 81 81
93 112 81 81
93 109 250 250
109 93 250 250
112 89 66 66
89 112 66 66
89 85 20 20
85 89 20 20
85 82 26 26
82 85 26 26
82 77 22 22
77 82 22 22
77 73 27 27
73 77 27 27
73 68 24 24
68 73 24 24
67 68 25 25
68 67 25 25
68 64 45 45
64 68 45 45
64 47 27 27
47 64 27 27
47 63 57 57
63 47 57 57
63 67 30 30
67 63 30 30
64 63 34 34
63 64 34 34
89 93 73 73
93 89 73 73
109 111 40 40
111 109 40 40
85 84 35 35
84 85 35 35
82 78 104 104
78 82 104 104
78 71 31 31
71 78 31 31
71 54 73 73
54 71 73 73
77 78 88 88
78 77 88 88
78 76 108 108
76 78 108 108
73 71 91 91
71 73 91 91
71 69 52 52
69 71 52 52
34 38 49 49
38 34 49 49
38 42 60 60
42 38 60 60
42 45 18 18
45 42 18 18
45 44 54 54
44 45 54 54
44 46 74 74
46 44 74 74
47 46 34 100000000
46 47 34 100000000
42 52 45 45
52 42 45 45
52 44 78 78
44 52 78 78
44 32 53 53
32 44 53 53
32 28 28 28
28 32 28 28
38 35 93 93
35 38 93 93
35 39 28 28
39 35 28 28
39 44 37 37
44 39 37 37
52 45 23 23
45 52 23 23
45 35 29 29
35 45 29 29
39 32 23 23
32 39 23 23
2 5 46 46
5 2 46 46
5 9 26 26
9 5 26 26
9 20 44 44
20 9 44 44
20 37 107 107
37 20 107 107
6 16 63 63
16 6 63 63
16 30 38 38
30 16 38 38
30 37 24 24
37 30 24 24
17 18 28 28
18 17 28 28
18 20 30 30
20 18 30 30
20 21 22 22
21 20 22 22
21 25 28 28
25 21 28 28
25 30 34 34
30 25 34 34
30 31 33 33
31 30 33 33
21 12 38 38
12 21 38 38
25 14 38 38
14 25 38 38
5 4 33 33
4 5 33 33
4 10 58 58
10 4 58 58
10 17 36 36
17 10 36 36
18 8 44 44
8 18 44 44
8 4 23 23
4 8 23 23
11 10 37 37
10 11 37 37
10 8 30 30
8 10 30 30
8 9 31 31
9 8 31 31
9 12 34 34
12 9 34 34
12 14 29 29
14 12 29 29
14 16 34 34
16 14 34 34
13 31 60 60
31 13 60 60
31 1 324 324
1 31 324 324
53 15 132 132
15 53 132 132
15 23 163 163
23 15 163 163
15 19 51 51
19 15 51 51
19 24 186 186
24 19 186 186
24 22 29 29
22 24 29 29
22 26 105 105
26 22 105 105
26 33 22 22
33 26 22 22
19 43 92 92
43 19 92 92
43 57 52 52
57 43 52 52
49 41 28 28
41 49 28 28
41 36 21 21
36 41 21 21
36 24 36 36
24 36 36 36
51 40 75 75
40 51 75 75
40 41 54 54
41 40 54 54
50 40 30 30
40 50 30 30
40 36 74 74
36 40 74 74
36 43 145 145
43 36 145 145
22 27 26 26
27 22 26 26
27 33 51 51
33 27 51 51
26 27 67 67
27 26 67 67
75 80 70 70
80 75 70 70
80 83 27 27
83 80 27 27
83 88 24 24
88 83 24 24
88 95 28 28
95 88 28 28
95 107 30 30
107 95 30 30
107 116 25 25
116 107 25 25
116 125 28 28
125 116 28 28
80 81 48 48
81 80 48 48
83 86 51 51
86 83 51 51
88 86 48 48
86 88 48 48
95 101 44 44
101 95 44 44
107 110 46 46
110 107 46 46
123 116 71 71
116 123 71 71
116 118 47 47
118 116 47 47
122 123 26 26
123 122 26 26
123 125 44 44
125 123 44 44
125 124 47 47
124 125 47 47
102 114 33 33
114 102 33 33
114 117 126 126
117 114 126 126
114 108 82 82
108 114 82 82
108 97 92 92
97 108 92 92
86 106 43 43
106 86 43 43
106 115 33 33
115 106 33 33
115 126 41 41
126 115 41 41
126 132 35 35
132 126 35 35
132 137 114 114
137 132 114 114
136 137 20 20
137 136 20 20
137 140 156 156
140 137 156 156
140 135 45 45
135 140 45 45
133 135 50 50
135 133 50 50
135 132 50 50
132 135 50 50
140 132 57 57
132 140 57 57
124 126 77 77
126 124 77 77
110 115 51 51
115 110 51 51
106 100 71 71
100 106 71 71
150 148 18 18
148 150 18 18
148 173 154 154
173 148 154 154
173 180 83 83
180 173 83 83
148 164 182 182
164 148 182 182
155 168 92 92
168 155 92 92
152 156 67 67
156 152 67 67
191 200 51 51
200 191 51 51
200 221 58 58
221 200 58 58
200 204 52 52
204 200 52 52
204 213 99 99
213 204 99 99
199 200 60 60
200 199 60 60
223 204 72 72
204 223 72 72
246 239 34 34
239 246 34 34
239 225 56 56
225 239 56 56
234 239 59 59
239 234 59 59
274 275 80 80
275 274 80 80
275 270 54 54
270 275 54 54
270 265 32 32
265 270 32 32
271 275 49 49
275 271 49 49
263 270 62 62
270 263 62 62
265 281 150 150
281 265 150 150
281 285 27 27
285 281 27 27
285 286 75 75
286 285 75 75
281 279 67 67
279 281 67 67
279 278 51 51
278 279 51 51
285 283 56 56
283 285 56 56
287 291 506 506
291 287 506 506
113 92 114 100000000
92 113 114 100000000
253 254 24 24
254 253 24 24
254 255 59 59
255 254 59 59
254 261 34 34
261 254 34 34
254 247 37 37
247 254 37 37
249 245 31 100000000
245 249 31 100000000
245 242 20 100000000
242 245 20 100000000
242 235 18 100000000
235 242 18 100000000
244 245 52 100000000
245 244 52 100000000
240 242 51 100000000
242 240 51 100000000
267 259 46 100000000
259 267 46 100000000
259 252 25 100000000
252 259 25 100000000
258 259 58 100000000
259 258 58 100000000
251 250 152 152
250 251 152 152
258 256 146 100000000
256 258 146 100000000
90 92 47 100000000
92 90 47 100000000
119 113 62 100000000
113 119 62 100000000
120 139 107 107
139 120 107 107
72 74 19 19
74 72 19 100000000
129 141 91 100000000
141 129 91 100000000
121 127 57 100000000
127 121 57 100000000
180 209 263 263
209 180 263 263
349 348 46 46
348 349 46 46
344 349 84 100000000
349 344 84 100000000
303 302 47 47
302 303 47 47
304 303 23 100000000
303 304 23 100000000
355 353 34 100000000
353 355 34 100000000
350 334 198 198
334 350 198 198
341 333 53 100000000
333 341 53 100000000
343 334 49 100000000
334 343 49 100000000
349 342 48 100000000
342 349 48 100000000
329 330 44 44
330 329 44 44
330 327 18 18
327 330 18 18
327 319 79 79
319 327 79 79
319 318 17 17
318 319 17 17
330 323 25 25
323 330 25 25
323 321 32 32
321 323 32 32
321 319 24 24
319 321 24 24
327 321 49 49
321 327 49 49
347 350 31 31
350 347 31 31
350 352 45 45
352 350 45 45
352 347 24 24
347 352 24 24
345 356 103 103
356 345 103 103
356 359 101 101
359 356 101 101
214 233 83 83
233 214 83 83
188 207 170 170
207 188 170 170
207 209 85 85
209 207 85 85
209 214 24 24
214 209 24 24
99 104 16 16
104 99 16 16
79 70 29 29
70 79 29 100000000
79 74 55 55
74 79 55 100000000
236 229 60 60
229 236 60 60
226 216 43 43
216 226 43 43
216 206 136 136
206 216 136 136
216 217 21 100000000
217 216 21 100000000
206 203 18 100000000
203 206 18 100000000
185 210 157 100000000
210 185 157 100000000
96 65 237 237
65 96 237 237
65 55 21 100000000
55 65 21 100000000
187 186 18 100000000
186 187 18 100000000
190 187 48 100000000
187 190 48 100000000
216 208 32 100000000
208 216 32 100000000
208 196 90 100000000
196 208 90 100000000
322 317 48 48
317 322 48 48
317 311 35 35
311 317 35 35
311 308 26 26
308 311 26 26
308 305 50 50
305 308 50 50
306 309 25 25
309 306 25 25
309 311 63 63
311 309 63 63
308 309 63 63
309 308 63 63
178 174 24 24
174 178 24 24
60
1号楼
3 182 169 181
2 type=college osm=way/258363503
12号楼
3 165 157 158
2 type=university osm=way/315240173
励吾科技大楼
3 269 260 268
2 type=university osm=way/315241220
6号楼（建筑红楼）
3 255 254 261
2 type=university osm=way/315242639
7号楼
3 261 254 260
2 type=university osm=way/315242653
18号楼（物理与光电学院）
3 153 143 131
2 type=school osm=way/331708003
逸夫人文馆
3 231 232 233
2 type=university osm=way/331708005
网络学院大楼
3 333 332 334
2 type=university osm=way/331709494
31号楼（慎思楼）
3 264 256 250
2 type=university osm=way/334895535
30号楼（宏生科技楼）
3 256 258 250
2 type=university osm=way/334895536
10号楼
3 251 244 231
2 type=university osm=way/334895538
19号楼
3 250 232 256
2 type=university osm=way/334895539
西湖苑宾馆
3 213 219 228
2 type=hotel osm=way/334895540
4号楼
3 194 203 206
3 type=university desc=华南理工大学数学学院、外国语学院 osm=way/360052165
3号楼
3 193 185 192
3 type=university desc=华南理工大学自动化科学与工程学院 osm=way/360052166
2号楼
3 202 192 194
2 type=school osm=way/360052167
23号楼
3 158 157 153
2 type=university osm=way/360052996
22号楼
3 162 165 143
2 type=university osm=way/360052997
汕头校友楼
3 143 142 153
2 type=university osm=way/360053003
5号楼
3 178 175 174
3 type=university desc=华南理工大学公共管理学院、马克思主义学院 osm=way/360054608
8号楼
3 259 268 252
2 type=university osm=way/360055897
9号楼
3 252 245 251
3 type=university desc=华南理工大学电力学院 osm=way/360055899
逸夫科学馆
3 249 252 245
2 type=university osm=way/362682630
逸夫工程馆
3 97 121 131
3 type=university desc=华南理工大学化学与化工学院 osm=way/365982008
土交学院
3 23 53 15
2 type=university osm=way/365994297
热材料工程楼
2 79 99
2 type=university osm=way/365995702
造纸实验楼
1 121
2 type=university osm=way/365995703
光电楼
1 99
2 type=university osm=way/365995704
资源与造纸工程楼（造纸大楼）
1 143
2 type=university osm=way/365995705
25号楼（唯美楼）
3 121 131 97
3 type=university desc=华南理工大学材料科学与工程学院 osm=way/365995706
28号楼
2 97 121
2 type=university osm=way/365995707
16号楼
2 97 59
2 type=university osm=way/365995708
15号楼
3 59 53 60
2 type=university osm=way/365995709
20号楼
3 269 268 260
2 type=university osm=way/365995713
29号楼
3 267 268 259
2 type=university osm=way/365995714
北区1号楼
3 338 339 335
2 type=university osm=way/370313926
北区3号楼
3 335 339 338
2 type=university osm=way/370313927
北区2号楼
3 339 338 335
2 type=university osm=way/370313928
科技园2号楼
3 325 316 314
2 type=university osm=way/370313929
科技园1号楼
3 314 318 319
2 type=university osm=way/370313931
清清文理楼
3 168 163 180
2 type=yes osm=way/539648202
博学楼
3 348 349 345
2 type=university osm=way/567864928
35号楼
3 352 350 347
2 type=university osm=way/567864929
33号楼
3 228 262 230
2 type=university osm=way/568400205
34号楼
3 262 265 257
2 type=university osm=way/568400206
38号楼
3 277 280 272
2 type=university osm=way/568400214
华南理工大学热加工楼
3 282 280 277
2 type=yes osm=way/568400215
继续教育学院
3 299 298 294
2 type=school osm=way/568660903
24号楼
3 158 153 131
2 type=school osm=way/568660913
北区5号楼
3 339 338 345
2 type=school osm=way/569329713
北区4号楼
3 327 325 330
2 type=school osm=way/569329714
32号楼
3 230 238 250
2 type=university osm=way/569329715
13号楼
3 142 144 143
2 type=university osm=way/569329732
麟鸿楼
3 130 134 104
2 type=university osm=way/569329733
14号楼
3 104 130 99
2 type=university osm=way/569329734
26号楼
3 324 328 332
3 type=university desc=大学生创新创业园 osm=way/571878471
管工楼
3 332 326 320
3 type=university desc=清洁能源流体机械实验室 osm=way/571878474
中公教育大楼
3 29 7 23
2 type=commercial osm=way/996123642
东六宿舍楼
3 222 206 220
2 type=apartments osm=way/1018461172
道明游泳馆
3 60 57 59
2 type=stadium osm=way/1190303552